sample	total_markers	markers_hit	frac_markers_hit	mean_marker_count
T1001A_14042014_Q2_Q3	80862	80862	1.000000	6518.793463
T1001B_14042014_Q2_Q3	84631	84631	1.000000	23775.639529
T1002A_14042014_Q2_Q3	82878	82878	1.000000	8939.378979
T1002A_17102005_D1_D2	19762	19762	1.000000	911.500607
T1002B_14042014_Q2	79547	79547	1.000000	5595.045231
T1002B_17102005_D1_D2	22808	22808	1.000000	1033.966854
T1004A_24042015_Q2_Q3	71458	71458	1.000000	3244.631014
T1004A_3022006_D1_D2	80404	80404	1.000000	4262.412081
T1004B_24042015_Q2_Q3	76474	76474	1.000000	4043.246136
T1004B_3022006_D1_D2	79876	79876	1.000000	4007.911363
T1006A_1032005_D1_D2	83115	83115	1.000000	26285.403393
T1006A_16042014_Q2_Q3	82148	82148	1.000000	11986.197156
T1006B_16042014_Q2_Q3	77224	77224	1.000000	5500.934515
T1010A_1072015_Q2_Q3	61794	61794	1.000000	1362.984869
T1010A_19072005_D1_D2	7157	7157	1.000000	349.165852
T1010B_1072015_Q2_Q3	71987	71987	1.000000	2711.378902
T1010B_19072005_D1_D2	2329	2329	1.000000	310.151567
T1011A_9042015_Q2_Q3	66098	66098	1.000000	1200.300387
T1011B_3112006_D1_D2	87055	87055	1.000000	14253.433565
T1011B_9042015_Q2_Q3	54993	54993	1.000000	1488.802229
T1013A_03102014_Q2_Q3	54979	54979	1.000000	1535.400717
T1013A_12042005_D1	82118	82118	1.000000	24028.501997
T1013A_18082006_D1_D2	62300	62300	1.000000	2409.631926
T1013B_03102014_Q2_Q3	57199	57199	1.000000	4410.341370
T1013B_12042005_D1_D2	81299	81299	1.000000	19187.544841
T1013B_18082006_D1_D2	80656	80656	1.000000	11293.551354
T1016A_03102014_Q2_Q3	62513	62513	1.000000	1091.141667
T1016A_14062006_D1_D2	20479	20479	1.000000	393.057376
T1016B_03102014_Q2_Q3	72014	72014	1.000000	3128.191602
T1016B_14062006_D1_D2	59225	59225	1.000000	751.406467
T1016B_28042005_D1_D2	66808	66808	1.000000	2748.625704
T1018A_1032005_D1_D2	79025	79025	1.000000	35475.577539
T1018A_15042014_Q2_Q3	81473	81473	1.000000	5252.686411
T1018A_26112006_D1_D2	85552	85552	1.000000	14262.993372
T1018B_1032005_D1_D2	79516	79516	1.000000	31236.338724
T1018B_15042014_Q2_Q3	83698	83698	1.000000	9661.567086
T1018B_26112006_D1_D2	86571	86571	1.000000	21064.101593
T1022A_28042006_D1_D2	85574	85574	1.000000	7918.275493
T1022A_30062015_Q2_Q3	66386	66386	1.000000	2192.495842
T1022B_28042006_D1_D2	85286	85286	1.000000	6214.929437
T1022B_30062015_Q2_Q3	60521	60521	1.000000	2395.705739
T1023A_1082005_D1_D2	77026	77026	1.000000	2584.793252
T1023A_Q2_Q3_30062015	78066	78066	1.000000	5711.653178
T1023A_30102006_D1_D2	86334	86334	1.000000	8942.426854
T1023B_1082005_D1_D2	78967	78967	1.000000	4862.405549
T1023B_30062015_Q2_Q3	73207	73207	1.000000	4826.153305
T1023B_30102006_D1_D2	81832	81832	1.000000	3508.116128
T1026A_03102014_Q2_Q3	74835	74835	1.000000	2621.455883
T1026A_27022007_D1_D2	87606	87606	1.000000	21730.970813
T1026A_28042005_D1_D2	78986	78986	1.000000	12593.340984
T1026B_03102014_Q2_Q3	49848	49848	1.000000	586.766631
T1026B_27022007_D1_D2	87087	87087	1.000000	12342.411680
T1026B_28042005_D1_D2	78291	78291	1.000000	24372.119030
T1028A_21072005_D1_D2	9420	9420	1.000000	307.811465
T1028A_3102006_D1_D2	75769	75769	1.000000	3380.180575
T1028A_8072015_Q2_Q3	67172	67172	1.000000	5031.314566
T1028B_21072005_D1_D2	2327	2327	1.000000	658.659218
T1028B_3102006_D1_D2	82856	82856	1.000000	12632.142874
T1028B_8072015_Q2_Q3	62622	62622	1.000000	1584.448516
T1042A_1112005_D1_D2	25009	25009	1.000000	667.929865
T1042A_22112006_D1_D2	88250	88250	1.000000	20193.107388
T1042A_3072015_Q2_Q3	73077	73077	1.000000	5705.853141
T1042B_1112005_D1_D2	47482	47482	1.000000	915.676951
T1042B_22112006_D1_D2	86371	86371	1.000000	7283.237209
T1042B_3072015_Q2_Q3	79377	79377	1.000000	4713.853925
T1044A_15072014_Q2_Q3	80025	80025	1.000000	10382.498769
T1044A_23012007_D1_D2	87561	87561	1.000000	23696.865774
T1044B_15072014_Q2_Q3	67959	67959	1.000000	2339.719213
T1044B_23012007_D1_D2	86155	86155	1.000000	15885.082456
T1046A_10072015_Q2_Q3	37152	37152	1.000000	473.782084
T1046A_27102006_D1_D2	78917	78917	1.000000	3218.386368
T1046A_4102005_D1_D2	26138	26138	1.000000	5358.743324
T1046B_10072015_Q2_Q3	42155	42155	1.000000	605.724991
T1046B_27102006_D1_D2	82821	82821	1.000000	6090.387788
T1049A_15042014_Q2_Q3	78772	78772	1.000000	3723.396397
T1049A_4102005_D1_D2	5373	5373	1.000000	469.681556
T1049A_7112006_D1_D2	82532	82532	1.000000	7855.656763
T1049B_15042014_Q2_Q3	79929	79929	1.000000	14209.206946
T1049B_4102005_D1_D2	6558	6558	1.000000	612.585544
T1049B_7112006_D1_D2	87531	87531	1.000000	21500.792348
T1051A_15052006_D1_D2	11834	11834	1.000000	281.286294
T1051A_2072015_Q2_Q3	74880	74880	1.000000	7275.455168
T1051A_9022006_D1_D2	54114	54114	1.000000	1871.063551
T1051B_15052006_D1_D2	43139	43139	1.000000	853.112705
T1051B_9022006_D1_D2	28388	28388	1.000000	730.364098
T1053A_10072015_Q2_Q3	55390	55390	1.000000	1138.072883
T1053A_15012007_D1_D2	88082	88082	1.000000	22238.082673
T1053A_6012006_D1_D2	57879	57879	1.000000	2214.948842
T1053B_10072015_Q2_Q3	77568	77568	1.000000	4940.694255
T1053B_15012007_D1_D2	88409	88409	1.000000	23911.510480
T1053B_6012006_D1_D2	9731	9731	1.000000	577.886754
T1055A_25092006_D1_D2	71490	71490	1.000000	3939.296825
T1055A_29092014_Q2_Q3	68571	68571	1.000000	1793.940237
T1055B_25092006_D1_D2	65578	65578	1.000000	1634.039175
T1055B_29092014_Q2_Q3	70673	70673	1.000000	3119.074328
T1056A_07032007_D1_D2	87885	87885	1.000000	17395.541833
T1056A_26072005_D1_S7	52685	52685	1.000000	1510.941065
T1056A_Q2_Q3_30092014	50370	50370	1.000000	860.985070
T1056B_07032007_D1_D2	87667	87667	1.000000	20613.165695
T1056B_26072005_D1_D2	69301	69301	1.000000	3454.505693
T1056B_30092014_Q2_Q3	56342	56342	1.000000	1208.077314
T1060A_1072005_D1_D2	72063	72063	1.000000	18170.388771
T1060A_14022007_D1_D2	85812	85812	1.000000	8768.020393
T1060A_16042014_Q2_Q3	83915	83915	1.000000	10724.434523
T1060B_1072005_D1_D2	48776	48776	1.000000	2247.350193
T1060B_14022007_D1_D2	85020	85020	1.000000	5902.918760
T1060B_16042014_Q2_Q3	77614	77614	1.000000	5742.060646
T1062A_01062006_D1_D2	74798	74798	1.000000	2253.761183
T1062A_26092005_D1_D2	12942	12942	1.000000	976.726317
T1062A_30092014_Q2_Q3	69576	69576	1.000000	2867.366649
T1062B_01062006_D1_D2	78884	78884	1.000000	4964.322410
T1062B_26092005_D1_D2	3886	3886	1.000000	281.439784
T1062B_30092014_Q2_Q3	65861	65861	1.000000	3761.747240
T1066A_1112005_D1_D2	53757	53757	1.000000	2563.043511
T1066A_2032007_D1_D2	80247	80247	1.000000	2700.544357
T1066A_6072015_Q2_Q3	52051	52051	1.000000	906.408561
T1066B_1112005_D1_D2	51974	51974	1.000000	1670.731000
T1066B_2032007_D1_D2	84719	84719	1.000000	7586.607491
T1066B_6072015_Q2_Q3	71005	71005	1.000000	2845.405563
T1067A_15112006_D1_D2	86653	86653	1.000000	9657.469193
T1067A_6072015_Q2_Q3	74575	74575	1.000000	1949.733838
T1067A_8122005_D1_D2	66142	66142	1.000000	1987.999078
T1067B_15112006_D1_D2	84768	84768	1.000000	6781.972136
T1067B_6072015_Q2_Q3	61678	61678	1.000000	1180.331220
T1067B_8122005_D1_D2	67180	67180	1.000000	2893.776585
T1069A_1072015_Q2_Q3	60729	60729	1.000000	1434.245583
T1069A_12082005_D1_D2	82595	82595	1.000000	6932.587893
T1069A_29112006_D1_D2	88587	88587	1.000000	19039.756657
T1069B_1072015_Q2_Q3	68974	68974	1.000000	2970.167976
T1069B_12082005_D1_D2	82222	82222	1.000000	5761.181679
T1069B_29112006_D1_D2	87646	87646	1.000000	13400.671006
T1071A_01102014_Q2_Q3	68982	68982	1.000000	3720.435316
T1071A_04082005_D1	59462	59462	1.000000	3244.436716
T1071A_19102006_D1_D2	72039	72039	1.000000	1568.647191
T1071B_01102014_Q2_Q3	69977	69977	1.000000	3406.463052
T1071B_04082005_D1	58696	58696	1.000000	7051.227920
T1071B_19102006_D1_D2	77797	77797	1.000000	2541.754991
T1074A_15042014_Q2_Q3	80182	80182	1.000000	7762.434861
T1074A_31072005_D1_D2	72938	72938	1.000000	9193.887644
T1074B_15042014_Q2_Q3	78444	78444	1.000000	4443.563383
T1074B_31072005_D1_D2	76226	76226	1.000000	45325.077979
T1086A_28022006_D1_D2	48081	48081	1.000000	797.063268
T1086A_7112006_D1_D2	85764	85764	1.000000	16529.784700
T1086B_7072015_Q2_Q3	66176	66176	1.000000	1837.494726
T1086B_7112006_D1_D2	86991	86991	1.000000	19080.356186
T1087A_03102014_Q2_Q3	21297	21297	1.000000	1094.469174
T1087A_06112006_D1_D2	87190	87190	1.000000	9571.064124
T1087B_03102014_Q2_Q3	14403	14403	1.000000	915.750330
T1087B_06112006_D1_D2	86535	86535	1.000000	9916.074536
T1087B_17082005_D1	79618	79618	1.000000	4457.892173
T1104A_15022006_D1_D2	56150	56150	1.000000	788.191309
T1104A_6112006_D1_D2	87939	87939	1.000000	37547.246137
T1104B_15022006_D1_D2	42947	42947	1.000000	755.178732
T1104B_6112006_D1_D2	83848	83848	1.000000	6723.361010
T1110A_20012016_Q2_Q3	70102	70102	1.000000	2337.623563
T1110A_21092006_D1_D2	25070	25070	1.000000	368.286358
T1110B_20012016_Q2_Q3	57819	57819	1.000000	2358.679534
T1110B_21092006_D1_D2	66621	66621	1.000000	769.707059
T1117A_14042014_Q2_Q3	83876	83876	1.000000	28018.132922
T1117A_16102006_D1_D2	86762	86762	1.000000	10280.910721
T1117A_24112005_D1_D2	62551	62551	1.000000	2015.157024
T1117B_14042014_Q2_Q3	75525	75525	1.000000	9898.655319
T1117B_16102006_D1_D2	85074	85074	1.000000	8997.855996
T1121A_21092006_D1_D2	84887	84887	1.000000	13350.118864
T1121A_3072015_Q2_Q3	81858	81858	1.000000	8305.921278
T1121A_9032006_D1_D2	76747	76747	1.000000	4763.609796
T1121B_21092006_D1_D2	76539	76539	1.000000	2656.875214
T1121B_3072015_Q2_Q3	71994	71994	1.000000	2098.451954
T1121B_9032006_D1_D2	70140	70140	1.000000	2398.373724
T1122A_17042015_Q2_Q3	72212	72212	1.000000	2328.027073
T1122A_25092006_D1_D2	71929	71929	1.000000	2142.767785
T1122A_28122005_D1_D2	19332	19332	1.000000	811.702100
T1122B_17042015_Q2_Q3	64201	64201	1.000000	1103.018816
T1122B_25092006_D1_D2	48163	48163	1.000000	523.166206
T1122B_28122005_D1_D2	42114	42114	1.000000	1002.159994
T1123A_21112005_D1_D2	60014	60014	1.000000	3152.433382
T1123A_8042015_Q2_Q3	61622	61622	1.000000	1108.838921
T1123B_21112005_D1_D2	55248	55248	1.000000	3181.708297
T1123B_8042015_Q2_Q3	61129	61129	1.000000	2309.593990
T1124A_22112005_D1_D2	73914	73914	1.000000	3227.975769
T1124A_9052007_D1_D2	85654	85654	1.000000	6746.623042
T1124B_20012016_Q2_Q3	41193	41193	1.000000	1191.633797
T1124B_22112005_D1_D2	47656	47656	1.000000	3590.948842
T1124B_9052007_D1_D2	84220	84220	1.000000	9862.367799
T1125A_19012016_Q2_Q3	63458	63458	1.000000	2759.081235
T1125A_20102006_D1_D2	85182	85182	1.000000	7458.170916
T1125A_28042006_D1_D2	51931	51931	1.000000	982.174250
T1125B_19012016_Q2_Q3	40886	40886	1.000000	1233.965832
T1125B_20102006_D1_D2	83268	83268	1.000000	3780.139645
T1125B_28042006_D1_D2	66149	66149	1.000000	2281.025654
T1135A_22122005_D1_D2	15579	15579	1.000000	1124.988061
T1135A_7072015_Q2_Q3	69893	69893	1.000000	2184.509092
T1135A_9052007_D1_D2	88414	88414	1.000000	48398.526353
T1135B_22122005_D1_D2	67223	67223	1.000000	8023.785074
T1135B_7072015_Q2_Q3	67271	67271	1.000000	2073.248978
T1135B_9052007_D1_D2	87783	87783	1.000000	18168.377704
T1136A_02032007_D1_D2	87251	87251	1.000000	19744.712909
T1136B_02032007_D1_D2	86583	86583	1.000000	28221.624822
T1136B_02102014_Q2_Q3	61326	61326	1.000000	1998.793856
T1149A_10012006_D1_D2	74801	74801	1.000000	2892.268192
T1149A_28092015_Q2_Q3	76405	76405	1.000000	2238.292939
T1149B_10012006_D1_D2	85841	85841	1.000000	7246.918850
T1149B_28092015_Q2_Q3	44909	44909	1.000000	711.001247
T1165A_21122006_D1_D2	85977	85977	1.000000	10555.705247
T1165A_7022006_D1_D2	31528	31528	1.000000	1655.470090
T1165B_2072015_Q2_Q3	79103	79103	1.000000	5097.583227
T1165B_21122006_D1_D2	84315	84315	1.000000	9342.099057
T1165B_7022006_D1_D2	79592	79592	1.000000	6665.234772
T1166A_2022006_D1_D2	35460	35460	1.000000	738.523660
T1166A_29062007_D1_D2	84432	84432	1.000000	4027.812867
T1166A_6072015_Q2_Q3	83037	83037	1.000000	6573.703337
T1166B_2022006_D1_D2	33551	33551	1.000000	1143.940508
T1166B_29062007_D1_D2	77571	77571	1.000000	1992.751260
T1166B_6072015_Q2_Q3	78328	78328	1.000000	3983.486837
T1179A_2072015_Q2_Q3	65756	65756	1.000000	1959.361169
T1179A_9082006_D1_D2	72546	72546	1.000000	5710.181499
T1179B_2072015_Q2_Q3	50789	50789	1.000000	1025.662880
T1179B_9082006_D1_D2	58157	58157	1.000000	1021.449181
T1183A_11032008_D1_D2	87484	87484	1.000000	19256.075591
T1183A_15032006_D1_D2	13546	13546	1.000000	1320.761701
T1183A_2072015_Q2_Q3	71660	71660	1.000000	2370.415001
T1183B_11032008_D1_D2	87309	87309	1.000000	17313.173270
T1183B_15032006_D1_D2	50906	50906	1.000000	3495.338997
T1183B_2072015_Q2_Q3	70609	70609	1.000000	2144.207920
T1185A_02102014_Q2_Q3	76331	76331	1.000000	1859.704943
T1185A_22102007_D1_D2	87011	87011	1.000000	14121.547184
T1185B_02102014_Q2_Q3	62598	62598	1.000000	1484.444391
T1185B_22102007_D1_D2	84512	84512	1.000000	19180.596412
T1185B_27032006_D1_D2	41407	41407	1.000000	1577.009684
T1190A_01022008_D1_D2	81589	81589	1.000000	3721.281251
T1190A_01102014_Q2_Q3	59639	59639	1.000000	1554.109392
T1190A_30032006_D1	67812	67812	1.000000	3644.134475
T1190B_01022008_D1_D2	45979	45979	1.000000	487.695470
T1190B_01102014_Q2_Q3	73640	73640	1.000000	3100.012534
T1190B_30032006_D1_D2	61338	61338	1.000000	2745.962438
T1192A_7042006_D1_D2	51241	51241	1.000000	725.020569
T1192A_9042015_Q2_Q3	74770	74770	1.000000	2319.990705
T1192B_7042006_D1_D2	45899	45899	1.000000	766.929998
T1192B_9042015_Q2_Q3	71500	71500	1.000000	3339.114671
T1194A_2072015_Q2_Q3	77464	77464	1.000000	2516.862698
T1194A_26092007_D1_D2	85728	85728	1.000000	7110.022058
T1194B_26092007_D1_D2	81265	81265	1.000000	3267.977026
T1197A_19102006_D1_D2	82145	82145	1.000000	5493.373169
T1197A_20012016_Q2_Q3	71496	71496	1.000000	3275.686598
T1197A_27042006_D1_D2	66950	66950	1.000000	4105.690022
T1197B_19102006_D1_D2	81078	81078	1.000000	3629.861146
T1197B_20012016_Q2_Q3	68145	68145	1.000000	3002.911072
T1197B_27042006_D1_D2	25712	25712	1.000000	500.138612
T1198A_10112006_D1_D2	82723	82723	1.000000	5775.483711
T1198A_15052006_D1_D2	34922	34922	1.000000	743.455358
T1198B_10112006_D1_D2	84959	84959	1.000000	12102.093516
T1198B_15052006_D1_D2	52877	52877	1.000000	1203.611343
T1198B_15072014_Q2_Q3	83072	83072	1.000000	9897.594629
T1210A_10102006_D1_D2	61099	61099	1.000000	4151.548618
T1210A_26042006_D1_D2	21582	21582	1.000000	363.658558
T1210A_29062015_Q2_Q3	80466	80466	1.000000	8438.898877
T1210B_10102006_D1_D2	65130	65130	1.000000	4568.153693
T1210B_26042006_D1_D2	11226	11226	1.000000	356.283093
T1215A_1072015_Q2_Q3	75160	75160	1.000000	6525.436668
T1215A_31052006_D1_D2	64945	64945	1.000000	1599.765432
T1215A_31052007_D1_D2	85551	85551	1.000000	10854.152494
T1215B_1072015_Q2_Q3	70668	70668	1.000000	4103.499264
T1215B_31052006_D1_D2	71546	71546	1.000000	2337.542770
T1215B_31052007_D1_D2	84815	84815	1.000000	12462.141543
T1229A_14032007_D1_D2	83186	83186	1.000000	27169.935530
T1229A_16042014_Q2_Q3	80021	80021	1.000000	5891.456318
T1229A_2072006_D1_D2	40909	40909	1.000000	916.273241
T1229B_14032007_D1_D2	79148	79148	1.000000	9629.326389
T1229B_16042014_Q2_Q3	81341	81341	1.000000	11093.226921
T1229B_2072006_D1_D2	50713	50713	1.000000	1411.926528
T1230A_1072015_Q2_Q3	78087	78087	1.000000	3978.151818
T1230A_14032007_D1_D2	87807	87807	1.000000	21079.437015
T1230A_8062006_D1_D2	42744	42744	1.000000	835.042696
T1230B_1072015_Q2_Q3	57926	57926	1.000000	1614.205331
T1230B_14032007_D1_D2	86172	86172	1.000000	8714.692951
T1230B_8062006_D1_D2	48672	48672	1.000000	1328.203094
T1235A_18012007_D1_D2	87885	87885	1.000000	35191.442078
T1235B_17072015_Q2_Q3	61789	61789	1.000000	1359.528152
T1235B_18012007_D1_D2	86500	86500	1.000000	30874.245873
T1236A_15042014_Q2_Q3	70020	70020	1.000000	7452.902185
T1236A_26032007_D1_D2	77975	77975	1.000000	19427.150612
T1236A_6072006_D1_D2	72833	72833	1.000000	10111.240193
T1236B_15042014_Q2_Q3	80331	80331	1.000000	3573.954339
T1236B_26032007_D1_D2	82173	82173	1.000000	18838.403721
T1236B_6072006_D1_D2	75409	75409	1.000000	6837.773197
T1243A_11042016_Q2_Q3	56141	56141	1.000000	3033.803637
T1243A_23042007_D1_D2	86829	86829	1.000000	11642.146541
T1243B_11042016_Q2_Q3	65793	65793	1.000000	2204.851975
T1243B_23042007_D1_D2	86236	86236	1.000000	7889.599564
T1246A_12062006_D1_D2	38906	38906	1.000000	875.377834
T1246A_14042014_Q2_Q3	73618	73618	1.000000	3892.233693
T1246A_7032008_D1_D2	86125	86125	1.000000	18319.482229
T1246B_12062006_D1_D2	65940	65940	1.000000	13617.663345
T1246B_14042014_Q2_Q3	76649	76649	1.000000	5356.897207
T1246B_7032008_D1_D2	83681	83681	1.000000	18777.258506
T1247A_30102006_D1_D2	81307	81307	1.000000	7260.519758
T1247A_6082007_D1_D2	86441	86441	1.000000	17382.966706
T1247A_9072015_Q2_Q3	69238	69238	1.000000	3604.254947
T1247B_30102006_D1_D2	60360	60360	1.000000	1556.840971
T1247B_6082007_D1_D2	69551	69551	1.000000	1256.403402
T1247B_9072015_Q2_Q3	73175	73175	1.000000	4153.285070
T1249A_01102014_Q2_Q3	51057	51057	1.000000	792.635740
T1249A_02112007_D1_D2	88310	88310	1.000000	20495.660707
T1249A_14062006_D1	51699	51699	1.000000	1188.527941
T1249B_01102014_Q2_Q3	64017	64017	1.000000	1087.450412
T1249B_02112007_D1_D2	88151	88151	1.000000	15644.370569
T1249B_14062006_D1	25559	25559	1.000000	421.895184
T1251A_12102007_D1_D2	87401	87401	1.000000	30124.092276
T1251A_28072006_D1_D2	60820	60820	1.000000	3277.693867
T1251A_3072015_Q2_Q3	81668	81668	1.000000	20620.970209
T1251B_12102007_D1_D2	87180	87180	1.000000	37640.284492
T1251B_28072006_D1_D2	65965	65965	1.000000	10977.138801
T1251B_3072015_Q2_Q3	72131	72131	1.000000	4764.867685
T1254A_20122007_D1_D2	84266	84266	1.000000	4020.985926
T1254A_9072015_Q2_Q3	59680	59680	1.000000	3567.635674
T1254A_9082006_D1_D2	74281	74281	1.000000	3778.147979
T1254B_20122007_D1_D2	88249	88249	1.000000	38267.434860
T1254B_9072015_Q2_Q3	61224	61224	1.000000	1403.586535
T1261A_10072015_Q2_Q3	62877	62877	1.000000	1141.426372
T1261A_19072006_D1_D2	70985	70985	1.000000	16856.546256
T1261A_7082007_D1_D2	86440	86440	1.000000	13217.823450
T1261B_10072015_Q2_Q3	54203	54203	1.000000	1037.978009
T1261B_19072006_D1_D2	67202	67202	1.000000	6692.758713
T1261B_D1_D2_7082007	86410	86410	1.000000	25182.844532
T1262_1A_20012016_Q2_Q3	65476	65476	1.000000	2537.243204
T1262_1A_29102007_D1_D2	82494	82494	1.000000	26571.497806
T1262_1A_4082006_D1_D2	43089	43089	1.000000	639.824108
T1262_1B_29102007_D1_D2	84682	84682	1.000000	11370.801339
T1262_1B_4082006_D1_D2	56661	56661	1.000000	1775.421525
T1262_2A_4082006_D1_D2	74186	74186	1.000000	2748.978958
T1262_2B_20012016_Q2_Q3	57987	57987	1.000000	1971.968079
T1262_2B_4082006_D1_D2	81944	81944	1.000000	5461.260226
T1270A_7062007_D1_D2	87825	87825	1.000000	13437.921924
T1270A_8042015_Q2_Q3	67188	67188	1.000000	9421.530363
T1270B_7062007_D1_D2	81414	81414	1.000000	2644.881605
T1270B_8042015_Q2_Q3	64106	64106	1.000000	1963.548669
T1274A_19092015_Q2_Q3	32406	32406	1.000000	2027.209344
T1274B_13032007_D1_D2	87680	87680	1.000000	50656.579813
T1274B_19092015_Q2	61664	61664	1.000000	1809.210333
T1281A_02102014_Q2_Q3	48345	48345	1.000000	547.881146
T1281A_04022008_D1_D2	84181	84181	1.000000	9032.196232
T1281B_04022008_D1_D2	81426	81426	1.000000	2552.016223
T1284A_16032007_D1_D2	85767	85767	1.000000	19005.983945
T1284A_28062007_D1_D2	83345	83345	1.000000	13404.684228
T1284A_8072015_Q2_Q3	61148	61148	1.000000	2634.938232
T1284B_16032007_D1_D2	84803	84803	1.000000	14570.137483
T1284B_28062007_D1_D2	82768	82768	1.000000	14400.336954
T1284B_8072015_Q2_Q3	58365	58365	1.000000	1222.263206
T1287A_13062008_D1_D2	88432	88432	1.000000	36545.415246
T1287A_13092006_D1_D2	72283	72283	1.000000	8459.006336
T1287A_29062015_Q2_Q3	62535	62535	1.000000	3422.376861
T1287B_13062008_D1_D2	86747	86747	1.000000	12882.473607
T1287B_13092006_D1_D2	71797	71797	1.000000	3401.679165
T1287B_29062015_Q2_Q3	75008	75008	1.000000	22894.954312
T1288A_11032008_D1_D2	87227	87227	1.000000	37822.041077
T1288A_13092006_D1_D2	73372	73372	1.000000	19118.457600
T1288A_29062015_Q2_Q3	81910	81910	1.000000	6570.630729
T1288B_11032008_D1_D2	87722	87722	1.000000	32408.106313
T1288B_13092006_D1_D2	71770	71770	1.000000	22860.122433
T1288B_29062015_Q2_Q3	61181	61181	1.000000	13491.428712
T1291A_14042014_Q2_Q3	71584	71584	1.000000	9676.781921
T1291A_16032008_D1_D2	86651	86651	1.000000	14616.789247
T1291A_26082006_D1_D2	59952	59952	1.000000	8206.747315
T1291B_14042014_Q2_Q3	76078	76078	1.000000	3353.613686
T1291B_16032008_D1_D2	87391	87391	1.000000	13233.235390
T1291B_26082006_D1_D2	61978	61978	1.000000	5696.900077
T1293A_5032008_D1_D2	84945	84945	1.000000	6802.735488
T1293B_21012016_Q2_Q3	71622	71622	1.000000	1740.404959
T1293B_5032008_D1_D2	82372	82372	1.000000	2543.869992
T1293B_9102006_D1_D2	69974	69974	1.000000	5158.015634
T1294A_18092006_D1_D2	79848	79848	1.000000	11402.963305
T1294A_26112007_D1_D2	85410	85410	1.000000	13183.166034
T1294A_6072015_Q2_Q3	58480	58480	1.000000	1104.260345
T1294B_18092006_D1_D2	71730	71730	1.000000	5992.618876
T1294B_26112007_D1_D2	84605	84605	1.000000	16348.686922
T1294B_6072015_Q2_Q3	68105	68105	1.000000	2488.139079
T1296A_02102014_Q2_Q3	49131	49131	1.000000	891.584560
T1296A_18092006_D1_D2	78427	78427	1.000000	20881.139875
T1296A_23042008_D1_D2	80613	80613	1.000000	7495.320296
T1296B_02102014_Q2_Q3	63509	63509	1.000000	1374.851659
T1296B_18092006_D1	79964	79964	1.000000	22612.858361
T1296B_23042008_D1_D2	84976	84976	1.000000	16231.741833
T1297A_01102014_Q2_Q3	73370	73370	1.000000	3044.777061
T1297A_14052007_D1_D2	84431	84431	1.000000	11866.185418
T1297B_01102014_Q2_Q3	64110	64110	1.000000	1446.714538
T1297B_14052007_D1_D2	86562	86562	1.000000	28756.617315
T1305A_19092006_D1_D2	79753	79753	1.000000	34053.679862
T1305A_22042008_D1_D2	89117	89117	1.000000	26328.912475
T1305A_24042015_Q2_Q3	81772	81772	1.000000	3768.208727
T1305B_19092006_D1_D2	80038	80038	1.000000	47045.936418
T1305B_22042008_D1_D2	89433	89433	1.000000	34117.103944
T1305B_24042015_Q2_Q3	79760	79760	1.000000	2569.789493
T1306A_1072015_Q2_Q3	72968	72968	1.000000	5152.346097
T1306A_20092006_D1_D2	77950	77950	1.000000	12870.125170
T1306A_4062008_D1_D2	87023	87023	1.000000	26378.824966
T1306B_1072015_Q2_Q3	64185	64185	1.000000	1507.406123
T1306B_20092006_D1_D2	78634	78634	1.000000	17595.564552
T1306B_4062008_D1_D2	80196	80196	1.000000	7894.441593
T1310A_30042007_D1_D2	84665	84665	1.000000	6113.871765
T1310A_30092014_Q2_Q3	58697	58697	1.000000	1184.724926
T1310B_30042007_D1_D2	81774	81774	1.000000	3451.815553
T1310B_30092014_Q2_Q3	60175	60175	1.000000	1151.801745
T1314A_22052015_Q2_Q3	80463	80463	1.000000	8668.087518
T1314A_27102006_D1_D2	74760	74760	1.000000	3411.194329
T1314B_22052015_Q2_Q3	75035	75035	1.000000	2727.984794
T1314B_27102006_D1_D2	75462	75462	1.000000	2686.377395
T1317A_15012007_D1_D2	85334	85334	1.000000	35091.097171
T1317A_15042014_Q2_Q3	64511	64511	1.000000	6972.072065
T1317B_15012007_D1_D2	82197	82197	1.000000	19118.305948
T1317B_15042014_Q2_Q3	77362	77362	1.000000	13356.414364
T1319A_03102014_Q2_Q3	75157	75157	1.000000	1818.309871
T1319A_27102006_D1	80587	80587	1.000000	20951.786020
T1319B_03102014_Q2_Q3	76888	76888	1.000000	2585.234887
T1319B_27102006_D1_D2	75624	75624	1.000000	13371.176095
T1321A_11042015_Q2_Q3	81064	81064	1.000000	3928.180956
T1321A_24112006_D1_D2	81816	81816	1.000000	36120.913208
T1321B_11042015_Q2_Q3	72904	72904	1.000000	1916.612038
T1321B_24112006_D1_D2	75440	75440	1.000000	16007.296063
T1323A_1072015_Q2_Q3	73715	73715	1.000000	3437.679604
T1323A_14112006_D1_D2	72348	72348	1.000000	23455.475162
T1323A_30102007_D1_D2	84706	84706	1.000000	22222.349420
T1323B_1072015_Q2_Q3	68111	68111	1.000000	2373.386369
T1323B_14112006_D1_D2	75409	75409	1.000000	36861.483125
T1323B_30102007_D1_D2	86297	86297	1.000000	35769.944007
T1327A_13112006_D1_D2	74175	74175	1.000000	8819.019629
T1327A_28082007_D1_D2	79025	79025	1.000000	5285.829775
T1327A_29092014_Q2_Q3	61859	61859	1.000000	3779.674130
T1327B_13112006_D1_D2	77181	77181	1.000000	19358.223436
T1327B_28082007_D1_D2	72315	72315	1.000000	3487.866003
T1327B_29092014_Q2_Q3	49699	49699	1.000000	3113.672529
T1327C_13112006_D1_D2	73728	73728	1.000000	6057.915799
T1327C_28082007_D1_D2	73344	73344	1.000000	1778.428433
T1327C_29092014_Q2_Q3	72063	72063	1.000000	1733.313212
T1329A_02102014_Q2_Q3	71417	71417	1.000000	3180.732655
T1329A_06112006_D1_D2	57192	57192	1.000000	13430.761715
T1329A_23112007_D1_D2	85797	85797	1.000000	43296.346271
T1329B_02102014_Q2_Q3	44115	44115	1.000000	1034.760467
T1329B_06112006_D1_D2	62686	62686	1.000000	13083.634671
T1329B_23112007_D1_D2	87411	87411	1.000000	37532.235439
T1333A_12022007_D1_D2	75626	75626	1.000000	12620.315487
T1333A_22012016_Q2_Q3	60299	60299	1.000000	914.257765
T1333A_9072008_D1_D2	84342	84342	1.000000	11009.213524
T1333B_12022007_D1_D2	79760	79760	1.000000	27653.019157
T1333B_22012016_Q2_Q3	61118	61118	1.000000	1691.439412
T1333B_9072008_D1_D2	83330	83330	1.000000	6955.649082
T1337A_15112006_D1_D2	82728	82728	1.000000	33909.363915
T1337A_16042014_Q2_Q3	67772	67772	1.000000	1656.306011
T1337A_22102007_D1_D2	86033	86033	1.000000	14027.307324
T1337B_15112006_D1_D2	81467	81467	1.000000	24632.835565
T1337B_16042014_Q2_Q3	70419	70419	1.000000	8085.636391
T1337B_22102007_D1_D2	86789	86789	1.000000	25641.533766
T1338A_04022008_D1_D2	86382	86382	1.000000	10814.880519
T1338A_05012007_D1_D2	84157	84157	1.000000	13308.638046
T1338A_29092014_Q2_Q3	60429	60429	1.000000	1434.120489
T1338B_04022008_D1_D2	86423	86423	1.000000	17452.880090
T1338B_05012007_D1_D2	83570	83570	1.000000	14339.509357
T1338B_29092014_Q2_Q3	69053	69053	1.000000	2164.204205
T1345A_08012008_D1_D2	83340	83340	1.000000	15305.791265
T1345A_22012007_D1_D2	79609	79609	1.000000	18100.316823
T1345A_29092014_Q2_Q3	61508	61508	1.000000	1177.938821
T1345B_08012008_D1_D2	80738	80738	1.000000	5578.631227
T1345B_22012007_D1_D2	81523	81523	1.000000	10364.269507
T1345B_29092014_Q2_Q3	39324	39324	1.000000	865.627301
T1349A_30042007_D1_D2	84320	84320	1.000000	19312.920683
T1349A_30092014_Q2_Q3	59746	59746	1.000000	1968.689301
T1349B_30042007_D1_D2	84233	84233	1.000000	11091.286016
T1349B_30092014_Q2_Q3	60266	60266	1.000000	1495.145074
T1351A_03102014_Q2_Q3	59603	59603	1.000000	2878.787058
T1351A_08022008_D1_D2	84153	84153	1.000000	8915.054151
T1351B_03102014_Q2_Q3	56124	56124	1.000000	1505.008000
T1351B_08022008_D1_D2	82938	82938	1.000000	8521.120729
T1357A_14042014_Q2_Q3	75844	75844	1.000000	7014.159999
T1357A_29112006_D1_D2	71916	71916	1.000000	25470.229685
T1357B_14042014_Q2_Q3	80194	80194	1.000000	9589.876849
T1357B_29112006_D1_D2	78924	78924	1.000000	41543.022401
T1360A_2102007_D1_D2	85930	85930	1.000000	28933.426184
T1360A_29012007_D1_D2	79578	79578	1.000000	21913.682261
T1360B_2102007_D1_D2	83521	83521	1.000000	12649.997174
T1360B_29012007_D1_D2	73754	73754	1.000000	29739.052011
T1360B_7072015_Q2_Q3	56339	56339	1.000000	911.633646
T1361A_18012016_Q2_Q3	80370	80370	1.000000	4156.699042
T1361A_20122006_D1_D2	67318	67318	1.000000	4864.785763
T1361A_3102008_D1_D2	71540	71540	1.000000	1911.148099
T1361B_20122006_D1_D2	82447	82447	1.000000	22293.083714
T1361B_3102008_D1_D2	86568	86568	1.000000	12722.113079
T1365A_27082007_D1_D2	85690	85690	1.000000	20124.717237
T1365A_5022007_D1_D2	84262	84262	1.000000	18474.089720
T1365B_10072015_Q2_Q3	73975	73975	1.000000	2181.774289
T1365B_27082007_D1_D2	87864	87864	1.000000	22648.907027
T1365B_5022007_D1_D2	85655	85655	1.000000	26208.857218
T1366A_10122007_D1_D2	83918	83918	1.000000	13103.494578
T1366A_21122006_D1_D2	64685	64685	1.000000	5961.573178
T1366A_30062015_Q2_Q3	57385	57385	1.000000	2996.792019
T1366B_10122007_D1_D2	84720	84720	1.000000	13054.661308
T1366B_21122006_D1_D2	72891	72891	1.000000	14806.468467
T1366B_Q2_Q3_30062015	57988	57988	1.000000	1082.126957
T1368A_4012007_D1_D2	79938	79938	1.000000	23237.362831
T1368A_9072015_Q2_Q3	40788	40788	1.000000	887.929293
T1368B_4012007_D1_D2	79175	79175	1.000000	39745.072018
T1368B_9072015_Q2_Q3	44638	44638	1.000000	1322.362606
T1374A_02102014_Q2_Q3	69966	69966	1.000000	1991.010305
T1374A_27102008_D1_D2	15920	15920	1.000000	342.382663
T1374B_02102014_Q2_Q3	67885	67885	1.000000	1732.184547
T1374B_27102008_D1_D2	49978	49978	1.000000	1211.225539
T1376A_29012007_D1_D2	69563	69563	1.000000	8079.543435
T1376A_3072015_Q2_Q3	73797	73797	1.000000	3723.366546
T1376B_29012007_D1_D2	65825	65825	1.000000	5393.165849
T1376B_3072015_Q2_Q3	68023	68023	1.000000	1563.549226
T1382A_20042015_Q2_Q3	58893	58893	1.000000	913.210755
T1382A_25102007_D1_D2	84961	84961	1.000000	10648.998046
T1382B_20042015_Q2_Q3	57726	57726	1.000000	1050.291134
T1382B_25102007_D1_D2	88848	88848	1.000000	37867.341156
T1389A_22012007_D1_D2	86986	86986	1.000000	12608.771388
T1389A_23072007_D1_D2	86217	86217	1.000000	7781.300393
T1389A_9042015_Q2_Q3	61774	61774	1.000000	2556.499968
T1389B_22012007_D1_D2	83800	83800	1.000000	13215.540644
T1389B_23072007_D1_D2	81213	81213	1.000000	4970.965276
T1389B_9042015_Q2_Q3	57069	57069	1.000000	1922.889397
T1390A_19092007_D1_D2	84457	84457	1.000000	59616.577927
T1390A_30062015_Q2_Q3	20451	20451	1.000000	2364.359738
T1390A_3012007_D1_D2	82019	82019	1.000000	10892.587986
T1390B_19092007_D1_D2	84741	84741	1.000000	52374.290993
T1390B_30062015_Q2_Q3	58365	58365	1.000000	837.494320
T1390B_3012007_D1_D2	78998	78998	1.000000	4590.961417
T1392A_2032007_D1_D2	82209	82209	1.000000	22993.026360
T1392A_3072015_Q2_Q3	68923	68923	1.000000	1738.368745
T1392A_3122008_D1_D2	87768	87768	1.000000	13088.700267
T1392B_2032007_D1_D2	83674	83674	1.000000	26810.904570
T1392B_3072015_Q2_Q3	82737	82737	1.000000	6190.376905
T1392B_3122008_D1_D2	88043	88043	1.000000	8110.695774
T1393A_23012007_D1_D2	84455	84455	1.000000	28526.613475
T1393A_3072015_Q2_Q3	72152	72152	1.000000	2966.332659
T1393A_3102007_D1_D2	84076	84076	1.000000	7516.134378
T1393B_23012007_D1_D2	83624	83624	1.000000	24130.106728
T1393B_3072015_Q2_Q3	70473	70473	1.000000	2328.339023
T1393B_3102007_D1_D2	85752	85752	1.000000	14877.277964
T1394A_15102007_D1_D2	87871	87871	1.000000	25431.327685
T1394A_30092014_Q2_Q3	70180	70180	1.000000	2277.439256
T1394B_15102007_D1_D2	85454	85454	1.000000	7111.702495
T1395A_19112007_D1_D2	88259	88259	1.000000	12106.973827
T1395A_2012007_D1_D2	85164	85164	1.000000	35805.572214
T1395B_19112007_D1_D2	88021	88021	1.000000	15117.910112
T1395B_2012007_D1_D2	79682	79682	1.000000	13664.281406
T1395C_19112007_D1_D2	88171	88171	1.000000	19140.418754
T1395C_2012007_D1_D2	82788	82788	1.000000	28349.467387
T1395C_7072015_Q2_Q3	59975	59975	1.000000	6296.209587
T1397A_29092014_Q2_Q3	76191	76191	1.000000	9754.904201
T1397B_29092014_Q2_Q3	75202	75202	1.000000	11307.526874
T1398A_01102014_Q2_Q3	64210	64210	1.000000	1431.867326
T1398A_04022008_D1_D2	55948	55948	1.000000	5927.390523
T1398B_01102014_Q2_Q3	65845	65845	1.000000	1781.398709
T1398B_04022008_D1_D2	83919	83919	1.000000	13625.447086
T1402A_13072007_D1_D2	84777	84777	1.000000	6610.326574
T1402A_24012007_D1_D2	83576	83576	1.000000	17433.096236
T1402A_6072015_Q2_Q3	73711	73711	1.000000	2193.122465
T1402B_13072007_D1_D2	86449	86449	1.000000	15795.161910
T1402B_24012007_D1_D2	76919	76919	1.000000	6364.009894
T1402B_6072015_Q2_Q3	77298	77298	1.000000	2799.537815
T1407A_10072015_Q2_Q3	44034	44034	1.000000	852.714630
T1407A_22012007_D1_D2	81160	81160	1.000000	17893.951294
T1407B_10072015_Q2_Q3	57252	57252	1.000000	1132.437766
T1407B_22012007_D1_D2	83050	83050	1.000000	23645.298555
T1409A_16012008_D1_D2	84475	84475	1.000000	16777.561503
T1409A_16042014_Q2_Q3	82247	82247	1.000000	7440.912994
T1409A_20052007_D1_D2	81431	81431	1.000000	46578.408751
T1409B_16012008_D1_D2	85705	85705	1.000000	35873.591704
T1409B_16042014_Q2_Q3	78794	78794	1.000000	4235.532845
T1409B_20052007_D1_D2	81390	81390	1.000000	43833.267760
T1412A_14042014_Q2_Q3	64879	64879	1.000000	2632.209390
T1412A_4012008_D1_D2	85326	85326	1.000000	21791.198908
T1412B_14042014_Q2_Q3	67738	67738	1.000000	5808.797809
T1412B_4012008_D1_D2	85547	85547	1.000000	22256.122588
T1416A_15042014_Q2_Q3	80166	80166	1.000000	14868.830389
T1416A_20112007_D1_D2	81781	81781	1.000000	40327.198677
T1416A_21042007_D1_D2	72730	72730	1.000000	23090.128846
T1416B_15042014_Q2_Q3	77381	77381	1.000000	2666.991988
T1416B_20112007_D1_D2	84589	84589	1.000000	30915.450390
T1416B_21042007_D1_D2	79484	79484	1.000000	45079.624201
T1420A_11092007_D1_D2	88101	88101	1.000000	20818.706076
T1420A_16042014_Q2_Q3	76406	76406	1.000000	5156.680405
T1420A_25022007_D1_D2	75646	75646	1.000000	9328.444478
T1420B_11092007_D1_D2	86445	86445	1.000000	8381.321094
T1420B_16042014_Q2_Q3	83252	83252	1.000000	9024.598929
T1420B_25022007_D1_D2	71599	71599	1.000000	5110.321443
T1425A_20042015_Q2_Q3	81707	81707	1.000000	5525.106551
T1425A_24042007_D1_D2	81820	81820	1.000000	40329.045710
T1425B_20042015_Q2_Q3	64293	64293	1.000000	2402.228547
T1425B_24042007_D2	82439	82439	1.000000	36455.174978
T1433A_16032007_D1_D2	80132	80132	1.000000	22822.636238
T1433B_10072015_Q2_Q3	67130	67130	1.000000	2725.262312
T1433B_16032007_D1_D2	80367	80367	1.000000	25955.837931
T1443A_10042007_D1_D2	69921	69921	1.000000	3195.805495
T1443A_20012016_Q2_Q3	67294	67294	1.000000	3033.636996
T1443A_31032008_D1_D2	83759	83759	1.000000	6396.925333
T1443B_10042007_D1_D2	77562	77562	1.000000	5778.045873
T1443B_20012016_Q2_Q3	76641	76641	1.000000	4042.192704
T1443B_31032008_D1_D2	87069	87069	1.000000	12066.354420
T1444A_03102014_Q2_Q3	46150	46150	1.000000	711.605720
T1444A_21112007_D1_D2	79927	79927	1.000000	5505.929448
T1444B_03102014_Q2_Q3	72698	72698	1.000000	1778.192605
T1444B_08032007_D1_D2	75066	75066	1.000000	28989.526657
T1444B_21112007_D1_D2	79711	79711	1.000000	9988.235463
T1447A_15032007_D1_D2	80932	80932	1.000000	41217.497850
T1447A_4082008_D1_D2	85082	85082	1.000000	8359.286747
T1447B_15032007_D1_D2	80967	80967	1.000000	22529.204651
T1447B_4082008_D1_D2	86217	86217	1.000000	17978.640860
T1449A_18022008_D1_D2	86525	86525	1.000000	15295.691754
T1449B_18022008_D1_D2	85967	85967	1.000000	13814.022299
T1451A_24102007_D1_D2	86317	86317	1.000000	19668.536986
T1451A_30062015_Q2_Q3	37242	37242	1.000000	1003.390527
T1451B_24102007_D1_D2	84708	84708	1.000000	20628.581338
T1451B_30062015_Q2_Q3	55462	55462	1.000000	1527.979608
T1453A_13112007_D1_D2	85209	85209	1.000000	37720.351782
T1453A_28092015_Q2_Q3	72473	72473	1.000000	5939.157452
T1453A_9032007_D1_D2	81103	81103	1.000000	14330.984871
T1453B_13112007_D1_D2	83857	83857	1.000000	19018.847192
T1453B_9032007_D1_D2	82639	82639	1.000000	27953.074033
T1459A_14112007_D1_D2	82876	82876	1.000000	4104.296612
T1459A_22052015_Q2_Q3	70901	70901	1.000000	1794.550514
T1459A_7032007_D1_D2	72724	72724	1.000000	14835.556226
T1459B_14112007_D1_D2	84772	84772	1.000000	6897.634891
T1459B_22052015_Q2_Q3	78171	78171	1.000000	3771.064999
T1459B_7032007_D1_D2	80998	80998	1.000000	20195.144991
T1467A_23052007_D1_D2	77918	77918	1.000000	19446.404464
T1467A_7012008_D1_D2	86776	86776	1.000000	33432.851768
T1467A_7072015_Q2_Q3	66993	66993	1.000000	1380.888361
T1467B_23052007_D1_D2	80023	80023	1.000000	46154.497569
T1467B_7012008_D1_D2	86392	86392	1.000000	25416.258982
T1467B_7072015_Q2_Q3	65035	65035	1.000000	977.422296
T1468A_04122007_D1_D2	82838	82838	1.000000	10056.200403
T1468A_30092014_Q2_Q3	59991	59991	1.000000	1630.373406
T1468B_04122007_D1_D2	82416	82416	1.000000	8045.431676
T1468B_30092014_Q2_Q3	79771	79771	1.000000	8145.024696
T1469A_12122007_D1_D2	85283	85283	1.000000	24951.127364
T1469A_16042014_Q2_Q3	76112	76112	1.000000	2973.405508
T1469A_8072007_D1_D2	78629	78629	1.000000	31333.267191
T1469B_12122007_D1_D2	84247	84247	1.000000	15168.320854
T1469B_16042014_Q2_Q3	74105	74105	1.000000	3506.693435
T1469B_8072007_D1_D2	80599	80599	1.000000	36445.606447
T1472A_15042014_Q2_Q3	81842	81842	1.000000	13143.127343
T1472A_22062008_D1_D2	88258	88258	1.000000	17841.576095
T1472A_25022007_D1_D2	67383	67383	1.000000	7547.548684
T1472B_15042014_Q2_Q3	75373	75373	1.000000	15097.686413
T1472B_22062008_D1_D2	87916	87916	1.000000	15586.537706
T1477A_18012016_Q2_Q3	83204	83204	1.000000	17667.190183
T1477A_26072007_D1_D2	76847	76847	1.000000	55434.096516
T1477A_9072008_D1_D2	86844	86844	1.000000	15125.954171
T1477B_26072007_D1_D2	79190	79190	1.000000	10323.924801
T1477B_9072008_D1_D2	87631	87631	1.000000	21889.464904
T1488A_15072014_Q2_Q3	62266	62266	1.000000	10912.563132
T1488A_25102007_D1_D2	84661	84661	1.000000	11815.043420
T1488B_15072014_Q2_Q3	68044	68044	1.000000	1998.347172
T1488B_25102007_D1_D2	79536	79536	1.000000	17362.599578
T1490A_2012008_D1_D2	78539	78539	1.000000	2132.132291
T1490A_8072015_Q2_Q3	78789	78789	1.000000	4388.195192
T1490B_2012008_D1_D2	86210	86210	1.000000	10970.716413
T1490B_8072015_Q2_Q3	68709	68709	1.000000	2121.109462
T1497A_15042014_Q2_Q3	69845	69845	1.000000	2724.293020
T1497B_15042014_Q2_Q3	74181	74181	1.000000	2689.174492
T1500A_21012008_D1_D2	84728	84728	1.000000	14238.556675
T1500A_23042007_D1_D2	83783	83783	1.000000	25796.422890
T1500A_29092014_Q2_Q3	73554	73554	1.000000	2583.572505
T1500B_21012008_D1_D2	84078	84078	1.000000	21766.734508
T1500B_29092014_Q2_Q3	68136	68136	1.000000	1539.931299
T1512A_10042007_D1_D2	82309	82309	1.000000	18260.352294
T1512A_14042008_D1_D2	88270	88270	1.000000	14100.548488
T1512A_29092014_Q2_Q3	71756	71756	1.000000	1244.772367
T1512B_10042007_D1_D2	79227	79227	1.000000	12224.911369
T1512B_14042008_D1_D2	88229	88229	1.000000	14034.163461
T1512B_29092014_Q2_Q3	64490	64490	1.000000	1142.542301
T1513A_19042007_D1_D2	77984	77984	1.000000	15670.801190
T1513A_29092014_Q2_Q3	74402	74402	1.000000	3123.669565
T1513B_19042007_D1_D2	80604	80604	1.000000	41457.194023
T1513B_29092014_Q2_Q3	74720	74720	1.000000	2219.364628
T1516A_1072015_Q2_Q3	76392	76392	1.000000	3133.532163
T1516A_14052007_D1_D2	80675	80675	1.000000	41216.846260
T1516B_1072015_Q2_Q3	62144	62144	1.000000	928.653724
T1516B_14052007_D1_D2	81172	81172	1.000000	44404.417176
T1522A_1062007_D1_D2	81685	81685	1.000000	20031.205460
T1522A_12042015_Q2_Q3	67556	67556	1.000000	2177.552268
T1522B_1062007_D1_D2	84228	84228	1.000000	34306.542670
T1522B_12042015_Q2_Q3	76670	76670	1.000000	2964.579497
T1525A_10052007_D1_D2	80113	80113	1.000000	19204.596832
T1525A_16042014_Q2_Q3	77973	77973	1.000000	3632.030357
T1525A_20042008_D1_D2	85951	85951	1.000000	6678.978930
T1525B_10052007_D1_D2	84539	84539	1.000000	59549.201102
T1525B_16042014_Q2_Q3	73374	73374	1.000000	2537.614891
T1525B_20042008_D1_D2	86324	86324	1.000000	9190.651557
T1529A_01102014_Q2_Q3	67196	67196	1.000000	1310.418209
T1529A_08052008_D1_D2	88284	88284	1.000000	29311.964229
T1529A_13042007_D1_D2	64669	64669	1.000000	16649.881613
T1529B_01102014_Q2_Q3	54273	54273	1.000000	863.965066
T1529B_08052008_D1_D2	84862	84862	1.000000	21589.544013
T1529B_13042007_D1_D2	70568	70568	1.000000	19156.153979
T1535A_14042014_Q2_Q3	78572	78572	1.000000	4655.712544
T1535A_29042007_D1_D2	73822	73822	1.000000	21770.411043
T1535B_14042014_Q2_Q3	76295	76295	1.000000	6286.634353
T1535B_29042007_D1_D2	72893	72893	1.000000	22257.399682
T1542A_17052007_D1_D2	77414	77414	1.000000	11670.436368
T1542A_2072015_Q2_Q3	60330	60330	1.000000	2942.179712
T1542A_25022009_D1_D2	85793	85793	1.000000	11735.250393
T1542B_17052007_D1_D2	69821	69821	1.000000	1880.713252
T1542B_2072015_Q2_Q3	74095	74095	1.000000	6489.937931
T1542B_25022009_D1_D2	84794	84794	1.000000	13022.194589
T1551A_7032008_D1_D2	83120	83120	1.000000	11243.560479
T1551A_9072015_Q2_Q3	42876	42876	1.000000	8867.588324
T1551B_7032008_D1_D2	86668	86668	1.000000	35945.439620
T1551B_9072015_Q2_Q3	48528	48528	1.000000	3195.360349
T1553A_02102014_Q2_Q3	63151	63151	1.000000	3217.956216
T1553A_30052008_D1_D2	87919	87919	1.000000	9756.430715
T1553B_02102014_Q2_Q3	71367	71367	1.000000	3863.129037
T1553B_30052008_D1_D2	88155	88155	1.000000	8511.869412
T1556A_17122007_D1_D2	78951	78951	1.000000	3433.172879
T1556B_17122007_D1_D2	80372	80372	1.000000	4401.436234
T1556B_30092014_Q2_Q3	56933	56933	1.000000	2643.202975
T1557A_3072015_Q2_Q3	46536	46536	1.000000	755.584687
T1557A_31052007_D1_D2	72943	72943	1.000000	15208.820984
T1557A_5112007_D1_D2	82071	82071	1.000000	16863.017180
T1557B_31052007_D1_D2	79259	79259	1.000000	34666.475567
T1557B_5112007_D1_D2	83201	83201	1.000000	21480.602998
T1558A_19062008_D1_D2	84690	84690	1.000000	5486.727264
T1558A_8072015_Q2_Q3	65742	65742	1.000000	1189.024292
T1558B_19062008_D1_D2	67149	67149	1.000000	1233.020760
T1558B_8072015_Q2_Q3	52000	52000	1.000000	2737.345481
T1560A_02102014_Q2_Q3	66552	66552	1.000000	2158.738655
T1560A_21012008_D1_D2	84449	84449	1.000000	4031.369501
T1560B_02102014_Q2_Q3	73401	73401	1.000000	2347.842591
T1560B_21012008_D1_D2	82450	82450	1.000000	2946.757793
T1561A_11072007_D1_D2	81707	81707	1.000000	27927.137381
T1561A_7072015_Q2_Q3	55572	55572	1.000000	925.110721
T1561A_8012008_D1_D2	80285	80285	1.000000	6764.539266
T1561B_11072007_D1_D2	81276	81276	1.000000	40525.834896
T1561B_7072015_Q2_Q3	57117	57117	1.000000	2736.300856
T1566A_12062007_D1_D2	80870	80870	1.000000	5886.191072
T1566A_17122007_D1_D2	86967	86967	1.000000	16821.482424
T1566B_12062007_D1_D2	84738	84738	1.000000	17734.135889
T1566B_17122007_D1_D2	87353	87353	1.000000	9532.896592
T1566B_19012016_Q2_Q3	75476	75476	1.000000	2924.416808
T1567A_01102014_Q2_Q3	67698	67698	1.000000	1864.189503
T1567A_07062007_D1_D2	70092	70092	1.000000	7956.888732
T1567A_26112007_D1_D2	81090	81090	1.000000	5796.424208
T1567B_01102014_Q2_Q3	57958	57958	1.000000	2690.617792
T1567B_07062007_D1_D2	69172	69172	1.000000	8547.108498
T1567B_26112007_D1_D2	81740	81740	1.000000	9733.358050
T1585A_20042015_Q2_Q3	71657	71657	1.000000	3290.772527
T1585A_3122008_D1_D2	82874	82874	1.000000	5350.341024
T1585A_5092007_D1_D2	66510	66510	1.000000	14532.344444
T1585B_20042015_Q2_Q3	78213	78213	1.000000	3758.147597
T1585B_3122008_D1_D2	87503	87503	1.000000	16092.924803
T1586A_13022008_D1_D2	86903	86903	1.000000	7708.272419
T1586A_2072015_Q2_Q3	66429	66429	1.000000	2055.774361
T1586A_21062007_D1	81387	81387	1.000000	75352.017718
T1586B_13022008_D1_D2	86015	86015	1.000000	7617.936383
T1586B_2072015_Q2_Q3	76864	76864	1.000000	3085.235442
T1586B_21062007_D1_D2	79938	79938	1.000000	22943.637106
T1587A_21052008_D1_D2	83424	83424	1.000000	5635.276647
T1587A_3072015_Q2_Q3	59955	59955	1.000000	1114.784839
T1587B_21052008_D1_D2	84194	84194	1.000000	5563.127753
T1593A_13052008_D1_D2	86217	86217	1.000000	18227.837178
T1593A_15042014_Q2_Q3	78726	78726	1.000000	7612.321114
T1593A_2092007_D1_D2	82679	82679	1.000000	37889.472333
T1593B_13052008_D1_D2	84469	84469	1.000000	13461.752288
T1593B_15042014_Q2_Q3	84524	84524	1.000000	14502.914308
T1593B_2092007_D1_D2	80585	80585	1.000000	35778.364075
T1594A_23072007_D1_D2	75347	75347	1.000000	16433.301697
T1594A_24042015_Q2_Q3	66945	66945	1.000000	1520.442766
T1594A_4072008_D1_D2	87276	87276	1.000000	9761.281498
T1594B_23072007_D1_D2	78491	78491	1.000000	56793.686652
T1594B_24042015_Q2_Q3	77715	77715	1.000000	4219.745828
T1594B_D1_D2_4072008	86605	86605	1.000000	12185.978904
T1602A_10082007_D1_D2	68013	68013	1.000000	4439.101657
T1602A_18072014_Q2_Q3	83562	83562	1.000000	5798.197398
T1602A_28032008_D1_D2	76641	76641	1.000000	2574.900915
T1602B_10082007_D1_D2	64141	64141	1.000000	3546.869958
T1602B_18072014_Q2_Q3	78825	78825	1.000000	6135.750549
T1602B_28032008_D1_D2	83855	83855	1.000000	16751.688367
T1604A_15042014_Q2_Q3	81989	81989	1.000000	5803.561917
T1604A_7102007_D1_D2	77923	77923	1.000000	45579.515945
T1604B_15042014_Q2_Q3	82016	82016	1.000000	6288.615660
T1604B_7102007_D1_D2	79376	79376	1.000000	43431.376562
T1606A_1072015_Q2_Q3	72913	72913	1.000000	1546.939723
T1606A_31032008_D1_D2	87515	87515	1.000000	14561.359253
T1606B_1072015_Q2_Q3	60711	60711	1.000000	928.928250
T1606B_31032008_D1_D2	84119	84119	1.000000	9954.460086
T1607A_01102014_Q2_Q3	60877	60877	1.000000	3638.410188
T1607A_15012009_D1_D2	85187	85187	1.000000	21489.714452
T1607B_01102014_Q2_Q3	49610	49610	1.000000	2764.855493
T1607B_15012009_D1_D2	84690	84690	1.000000	15458.525032
T1607B_23072007_D1_D2	74515	74515	1.000000	10021.150936
T1611A_21012016_Q2_Q3	51888	51888	1.000000	1095.030431
T1611B_29082007_D1_D2	81296	81296	1.000000	20027.509718
T1615A_02102014_Q2_Q3	20626	20626	1.000000	2776.373849
T1615A_13112008_D1_D2	84413	84413	1.000000	33071.192755
T1615B_02102014_Q2_Q3	41939	41939	1.000000	9773.433821
T1615B_13112008_D1_D2	77905	77905	1.000000	10248.898440
T1620A_14082008_D1_D2	81089	81089	1.000000	6048.022740
T1620A_8102007_D1_D2	82718	82718	1.000000	30772.209326
T1620A_9042015_Q2_Q3	54399	54399	1.000000	2286.174139
T1620B_14082008_D1_D2	82837	82837	1.000000	12020.157888
T1620B_8102007_D1_D2	82104	82104	1.000000	25911.026954
T1620B_9042015_Q2_Q3	42291	42291	1.000000	1675.140999
T1622A_19102007_D1_D2	82258	82258	1.000000	24582.108512
T1622A_30092014_Q2_Q3	78182	78182	1.000000	3574.134315
T1622B_19102007_D1_D2	83745	83745	1.000000	9421.174649
T1622B_30092014_Q2_Q3	71162	71162	1.000000	2447.040401
T1623A_03102014_Q2_Q3	48140	48140	1.000000	771.762090
T1623A_14042008_D1_D2	82407	82407	1.000000	10906.223549
T1623A_18102007_D1_D2	73677	73677	1.000000	7847.169605
T1623B_03102014_Q2_Q3	57136	57136	1.000000	977.185417
T1623B_14042008_D1_D2	85580	85580	1.000000	11877.567983
T1623B_18102007_D1_D2	74387	74387	1.000000	5238.829997
T1624A_26082008_D1_D2	77166	77166	1.000000	19838.512855
T1624A_26092007_D1_D2	75176	75176	1.000000	38806.485181
T1624A_8072015_Q2_Q3	44475	44475	1.000000	2721.048117
T1624B_26082008_D1_D2	75642	75642	1.000000	16438.823022
T1624B_26092007_D1_D2	78671	78671	1.000000	48232.073458
T1624B_8072015_Q2_Q3	30104	30104	1.000000	1059.848990
T1629B_17072014_Q2_Q3	83487	83487	1.000000	12638.269563
T1629B_18012008_D1_D2	81075	81075	1.000000	57096.403269
T1634A_01102014_Q2_Q3	64675	64675	1.000000	3131.200881
T1634B_01102014_Q2_Q3	55659	55659	1.000000	1429.446451
T1635A_13112007_D1_D2	83692	83692	1.000000	30597.894948
T1635A_21012016_Q2_Q3	66456	66456	1.000000	3498.631049
T1635A_23042009_D1_D2	87644	87644	1.000000	15584.238396
T1635B_13112007_D1_D2	83230	83230	1.000000	36103.742377
T1635B_23042009_D1_D2	88271	88271	1.000000	18597.086506
T1636A_30062015_Q2_Q3	80845	80845	1.000000	5442.270023
T1636A_7012008_D1_D2	79824	79824	1.000000	22671.576280
T1636A_8072008_D1_D2	84956	84956	1.000000	9326.635894
T1636B_Q2_Q3_30062015	69706	69706	1.000000	1803.980303
T1636B_7012008_D1_D2	81502	81502	1.000000	22280.087556
T1636B_8072008_D1_D2	79960	79960	1.000000	10570.843059
T1638A_2092008_D1_D2	87465	87465	1.000000	10470.104453
T1638A_3072015_Q2_Q3	82509	82509	1.000000	3786.433468
T1638B_2092008_D1_D2	86287	86287	1.000000	10108.117932
T1638B_3072015_Q2_Q3	74631	74631	1.000000	1978.182659
T1644A_11082009_D1_D2	85263	85263	1.000000	22018.665036
T1644A_21042008_D1_D2	80958	80958	1.000000	26829.882766
T1644A_30092014_Q2_Q3	37352	37352	1.000000	1135.311309
T1644B_11082009_D1_D2	85423	85423	1.000000	12590.510296
T1644B_21042008_D1_D2	72363	72363	1.000000	4377.864074
T1644B_30092014_Q2_Q3	59001	59001	1.000000	1189.692734
T1647A_30062015_Q2_Q3	73496	73496	1.000000	5283.945630
T1648A_03102014_Q2_Q3	69513	69513	1.000000	2620.034914
T1648A_16062009_D1_D2	77536	77536	1.000000	2421.721304
T1648B_03102014_Q2_Q3	75729	75729	1.000000	1880.722946
T1648B_14042008_D1_D2	73836	73836	1.000000	19190.835351
T1648B_16062009_D1_D2	67366	67366	1.000000	1187.059065
T1649A_28092015_Q2_Q3	67075	67075	1.000000	2793.598658
T1649B_28032008_D1_D2	82387	82387	1.000000	10232.871315
T1649B_28092015_Q2_Q3	57122	57122	1.000000	1844.373534
T1653A_12082008_D1_D2	61035	61035	1.000000	8247.449545
T1653A_14052009_D1_D2	84426	84426	1.000000	15567.084192
T1653A_15042014_Q2_Q3	85848	85848	1.000000	6594.510064
T1653B_12082008_D1_D2	48852	48852	1.000000	4876.857099
T1653B_14052009_D1_D2	85309	85309	1.000000	11657.330422
T1653B_15042014_Q2_Q3	80556	80556	1.000000	3972.877812
T1654A_08092008_D1_D2	71640	71640	1.000000	4827.777610
T1654A_29092014_Q2_Q3	60882	60882	1.000000	1114.647663
T1654B_08092008_D1_D2	75901	75901	1.000000	18258.400456
T1654B_29092014_Q2_Q3	66985	66985	1.000000	1717.368381
T1656A_3072015_Q2_Q3	67254	67254	1.000000	4074.834047
T1656A_31082009_D1_D2	83554	83554	1.000000	17713.783086
T1656B_3072015_Q2_Q3	57874	57874	1.000000	3875.888620
T1656B_31082009_D1_D2	78852	78852	1.000000	10091.199221
T1657A_14042014_Q2_Q3	86693	86693	1.000000	18852.510526
T1657A_22072008_D1_D2	73616	73616	1.000000	5181.189470
T1657A_30092010_D1_D2	83242	83242	1.000000	6422.084356
T1657B_22072008_D1_D2	78131	78131	1.000000	9220.860644
T1657B_30092010_D1_D2	86072	86072	1.000000	12927.871863
T1658A_16042014_Q2_Q3	71465	71465	1.000000	8687.482012
T1658A_20052010_D1_D2	86062	86062	1.000000	37474.215298
T1658B_16042014_Q2_Q3	69258	69258	1.000000	5561.867669
T1658B_6012009_D1_D2	74138	74138	1.000000	10965.645931
T1659A_17072009_D1_D2	85372	85372	1.000000	26727.876903
T1659A_29092014_Q2_Q3	73833	73833	1.000000	3448.744572
T1659B_17072009_D1_D2	86576	86576	1.000000	22482.706027
T1659B_29092008_D1_D2	72242	72242	1.000000	19881.657014
T1659B_29092014_Q2_Q3	78801	78801	1.000000	9479.430363
T1662A_1022010_D1_D2	83878	83878	1.000000	11280.804180
T1662A_14042014_Q2_Q3	76687	76687	1.000000	5956.476261
T1662A_31102008_D1_D2	69962	69962	1.000000	5273.026171
T1662B_1022010_D1_D2	85972	85972	1.000000	17111.650130
T1662B_14042014_Q2_Q3	78263	78263	1.000000	4918.760832
T1662B_31102008_D1_D2	69743	69743	1.000000	8687.737393
T1664A_04122008_D1_D2	80167	80167	1.000000	28018.269462
T1664A_26032009_D1_D2	86935	86935	1.000000	33768.186174
T1664A_30092014_Q2_Q3	75865	75865	1.000000	2471.545930
T1664B_04122008_D1_D2	72799	72799	1.000000	7687.813940
T1664B_26032009_D1_D2	83929	83929	1.000000	25940.693920
T1664B_30092014_Q2_Q3	78189	78189	1.000000	4614.875443
T1666A_10112010_D1_D2	82975	82975	1.000000	18558.071937
T1666A_22102009_D1_D2	79969	79969	1.000000	10736.213858
T1666A_29092015_Q2_Q3	77367	77367	1.000000	6018.887963
T1666B_10112010_D1_D2	82973	82973	1.000000	17593.324973
T1666B_22102009_D1_D2	83620	83620	1.000000	10930.851686
T1666B_29092015_Q2_Q3	75756	75756	1.000000	9830.417749
T1668A_14102010_D1_D2	85727	85727	1.000000	39697.087335
T1668A_29012016_Q2_Q3	62802	62802	1.000000	3562.758129
T1668B_14102010_D1_D2	83693	83693	1.000000	6009.988768
T1668B_29012016_Q2_Q3	70846	70846	1.000000	3362.854784
T1669A_16042014_Q2_Q3	79830	79830	1.000000	7292.028836
T1669A_26092010_D1_D2	84340	84340	1.000000	6090.536803
T1669A_8072009_D1_D2	81038	81038	1.000000	53724.644500
T1669B_16042014_Q2_Q3	74795	74795	1.000000	4414.570519
T1669B_26092010_D1_D2	84625	84625	1.000000	9754.672744
T1669B_8072009_D1_D2	73263	73263	1.000000	9439.297271
T1670A_19102010_D1_D2	81123	81123	1.000000	10001.837038
T1670A_24042015_Q2_Q3	67127	67127	1.000000	1554.187719
T1670A_9112009_D1_D2	81869	81869	1.000000	36113.459234
T1670B_19102010_D1_D2	83769	83769	1.000000	34455.873796
T1670B_24042015_Q2_Q3	69963	69963	1.000000	2437.007561
T1670B_9112009_D1_D2	76069	76069	1.000000	19914.895910
T1671A_15122010_D1_D2	83168	83168	1.000000	7143.294079
T1671A_20042015_Q2_Q3	80814	80814	1.000000	5931.678311
T1671A_22032010_D1_D2	80020	80020	1.000000	28540.609198
T1671B_15122010_D1_D2	84935	84935	1.000000	19625.209596
T1671B_20042015_Q2_Q3	78625	78625	1.000000	3600.716083
T1671B_22032010_D1_D2	80928	80928	1.000000	23379.822052
T1672B_29092015_Q2_Q3	81878	81878	1.000000	9827.068590

